Z1 <- X1
Z2 <- X2
Z3<- 2

(A) IF Z3!=0 GOTO B
Z1<-Z1*X1
Z3--
GOTO A
Z1 <- 3*Z1

(B) Z2 <- 6*Z2

Y<- Z1 - Z2
Y<- Y + 6